0       8.9
1       2.0
2      15.4
3      12.5
4       9.8
5      19.0
6      14.1
7       6.5
8       0.0
9      18.3
10      3.3
11      0.6
12     12.6
13     23.3
14     21.7
15     19.0
16     16.0
17     11.8
18     16.4
19      9.7
20      8.5
21     10.6
22      7.0
23      9.5
24      4.1
25      7.6
26      6.7
27      3.0
28      8.8
29     19.8
30     12.1
31      2.8
32      8.0
33     12.2
34      3.6
35      7.0
36     18.6
37      5.8
38      8.5
39      0.9
40      8.7
41     15.6
42      8.7
43     10.0
44      9.4
45     10.5
46     14.0
47     14.1
48      8.6
49      9.2
50      8.6
51     10.4
52      8.2
53      8.2
54      4.8
55      5.0
56      5.5
57     25.0
58      3.4
59      9.4
60      9.7
61     18.2
62      6.7
63     17.8
64      9.6
65      9.3
66      7.4
67     17.7
68      7.2
69      9.4
70     10.9
71     13.2
72     12.4
73      7.4
74      8.2
75      7.3
76     12.3
77     21.2
78     10.3
79      5.7
80      7.6
81     19.6
82     10.7
83     19.3
84     16.0
85     12.0
86     10.6
87     15.3
88      6.3
89      9.3
90      8.1
91      3.4
92      5.1
93      2.5
94      8.2
95      7.3
96      9.1
97      7.7
98      9.2
99     22.1
100     6.1
101     9.7
102    17.9
103     6.5
104    15.5
105    14.5
106     9.8
107     7.7
108    15.8
109    13.4
110    14.6
111     7.5
112     8.8
113     1.6
114     7.5
115     3.9
116     4.7
117    17.3
118    12.9
119    10.7
120     3.1
121     6.6
122    17.1
123    14.9
124    23.6
125     7.9
126     8.9
127     6.6
128    13.9
129    11.7
130    15.2
131    15.5
132    10.7
133     7.9
134     0.0
135    12.8
136     7.8
137     0.0
138    11.8
139    19.2
140     8.0
141    13.0
142    11.1
143    13.3
144    18.0
145    11.7
146     9.2
147    14.9
148    10.0
149    15.2
150     7.2
151     9.5
152    16.0
153     9.5
154     8.1
155    14.4
156    12.9
157    10.1
158    13.3
159    11.7
160    19.0
161    10.5
162     8.0
163     2.1
164     9.3
165     6.6
166     9.2
167     9.4
168    12.0
169    10.4
170     7.7
171    12.7
172    10.9
173     3.7
174     3.8
175     9.8
176     2.6
177    14.1
178    14.9
179    13.7
180    11.4
181    18.7
182     8.7
183     6.5
184     7.6
185     6.6
186     6.3
187     8.8
188     8.7
189    13.3
190    15.9
191    13.4
192    12.3
193     1.3
194     0.8
195    14.7
196     1.8
197     7.0
198     2.7
199     0.0
Максимальная длина равна 25.0
Минимальная длина равна 0.0